0 0 0 0 0 0 0 0 0 0 
0 0 17 17 17 0 0 0 0 0 
0 0 0 17 0 0 0 0 0 0 
0 0 0 17 0 0 0 0 0 0 
0 0 0 0 0 0 0 0 0 0 
0 0 0 0 0 0 0 0 0 0 
0 0 0 0 0 0 0 0 0 0 
0 0 0 0 0 0 0 0 0 0 
0 0 0 0 0 0 0 0 0 0 
0 0 0 0 0 0 0 0 0 0 
0 0 0 0 0 11 0 12 0 0 
0 0 0 0 0 11 0 12 0 0 
0 0 0 0 0 11 0 12 0 0 
0 0 0 0 11 11 0 12 12 0 
0 0 0 0 0 17 17 17 0 0 
0 0 0 0 0 0 17 0 0 0 
0 0 0 0 0 0 17 0 0 0 
0 0 0 0 0 0 9 9 0 0 
18 18 18 0 0 9 9 0 0 0 
18 0 18 0 10 10 9 15 0 0 
0 24 24 0 19 10 10 15 0 0 
0 24 0 0 19 10 15 15 0 0 
24 24 19 19 19 0 15 0 0 0 
